0	0.0	4.71238898038469	0.374591868114646	2.19777944202668	270.0	21.4625330828904	125.923486328746	6.81	0.655530552842564	-4.06748268109959	0.0	-10.6403839100152	-4.88765510895705
1	0.01	4.71238898038469	0.374591868114646	2.19777944202668	270.0	21.4625330828904	125.923486328746	6.81	0.655530552842563	-4.06748268109959	0.0	-10.6403839100152	-4.88765510895706
2	0.02	4.78048898038469	0.380608613071121	2.15686923401909	273.9018425848409	21.8072671753030	123.579504070908	6.81	0.547185177526086	-4.11362692769251	0.0	-11.0202304408927	-4.32815781385167
3	0.03	4.848588980384689	0.385523786618104	2.11552693723673	277.8036851696818	22.0888858751195	121.210764949902	6.81	0.435306650386523	-4.15375504543254	0.0	-11.3458335630567	-3.68142942081335
4	0.04	4.91668898038469	0.389304891253165	2.07381737368398	281.70552775452273	22.3055272126058	118.820982992997	6.81	0.320474327836722	-4.18690506134813	0.0	-11.6096639421030	-2.92957301734864
5	0.05	4.98478898038469	0.391925613287916	2.03181587596343	285.6073703393636	22.4556835244740	116.414474440381	6.81	0.203346921501834	-4.21193727885558	0.0	-11.8034099211418	-2.05496459833099
6	0.06	5.05288898038469	0.393366652290288	1.98961004775666	289.5092129242045	22.5382489774237	113.996258613279	6.81	0.0846693307267395	-4.22753801358890	0.0	-11.9181850858826	-1.04048417731118
7	0.07	5.1209889803846895	0.393616607470112	1.94730147234939	293.4110555090454	22.5525703542950	111.572155805231	6.81	-0.0347229076618472	-4.23222655962188	0.0	-11.9447996364761	0.130066524481837
8	0.08	5.18908898038469	0.392672893760075	1.90500732729121	297.31289809388636	22.4984995416413	109.148879795284	6.81	-0.153902258497035	-4.22436733507353	0.0	-11.8741087778011	1.47134316643767
9	0.09	5.25718898038469	0.390542652669896	1.86286184297915	301.21474067872725	22.3764457178286	106.734121418667	6.81	-0.271851739443488	-4.20218931413376	0.0	-11.6974479906187	2.99562059254478
10	0.1	5.3252889803846895	0.387243614350064	1.82101752129893	305.11658326356815	22.1874247456504	104.336618389803	6.81	-0.387472280003944	-4.16381495470452	0.0	-11.4071594160482	4.71173219291399
11	0.11	5.39338898038469	0.382804858261751	1.77964600835612	309.01842584840904	21.9331027555020	101.966205306109	6.81	-0.499595786166903	-4.10730080420979	0.0	-10.9972049698496	6.62379886174407
12	0.12	5.46148898038469	0.377267411277683	1.73893849451694	312.92026843325	21.6158304140375	99.6338365686537	6.81	-0.607004706993714	-4.03069171785168	0.0	-10.4638496489824	8.72978700640382
13	0.13	5.529588980384689	0.370684615151856	1.69910549820716	316.8221110180909	21.2386639786325	97.3515739947436	6.81	-0.708458657809766	-3.93209004458887	0.0	-9.80638264620079	11.0199738726877
14	0.14	5.59768898038469	0.363122191673716	1.66037588106351	320.7239536029318	20.8053690304444	95.1325303902549	6.81	-0.802728238157062	-3.80974011376033	0.0	-9.02782494429130	13.4754479660019
15	0.15	5.66578898038469	0.354657935344771	1.62299494601310	324.6257961877727	20.3204028660790	92.9907605776138	6.81	-0.888635568021812	-3.66212679931765	0.0	-8.13555179617748	16.0668285109519
16	0.16	5.733888980384689	0.345380972081005	1.58722149221508	328.52763877261356	19.7888720243673	90.9410926563809	6.81	-0.965100255216787	-3.48808482294190	0.0	-7.14174027150483	18.7534416890173
17	0.17	5.80198898038469	0.335390540032929	1.55332374678879	332.4294813574545	19.2164624325003	88.9988949084454	6.81	-1.03118854470110	-3.28691287532600	0.0	-6.06354096992042	21.4832278732081
18	0.18	5.87008898038469	0.324794276180360	1.52157416635403	336.3313239422954	18.6093412351411	87.1797779482224	6.81	-1.08616238998422	-3.05848385709206	0.0	-4.92287550431430	24.1936531270589
19	0.19	5.938188980384689	0.313706029596192	1.49224320134393	340.2331665271363	17.9740315036679	85.4992374440982	6.81	-1.12952429646243	-2.80334005005943	0.0	-3.74578388381655	26.8138384500157
20	0.2	6.0062889803846895	0.302243266894638	1.46559223671198	344.1350091119772	17.3172635793089	83.9722496507347	6.81	-1.16105324027489	-2.52276049867052	0.0	-2.56129252245007	29.2679866374174
21	0.21	6.07438898038469	0.290524182735990	1.44186605069141	348.0368516968181	16.6458095172597	82.6128393278141	6.81	-1.18082700346399	-2.21878805777659	0.0	-1.39984284360069	31.4799810577549
22	0.22	6.142488980384689	0.278664671505826	1.42128524835480	351.938694281659	15.9663095766833	81.4336462149332	6.81	-1.18922707333894	-1.89420605001529	0.0	-0.291402872846730	33.3787812365139
23	0.23	6.210588980384689	0.266775347329764	1.40403920439535	355.8405368664999	15.2851014801321	80.4455206827598	6.81	-1.18692387981622	-1.55245945176168	0.0	0.736538000747922	34.9040031802030
24	0.24	6.27868898038469	0.254958810837841	1.39028006673707	359.74237945134087	14.6080638106826	79.6571801652003	6.81	-1.17484243121804	-1.19752250549862	0.0	1.66084035128338	36.0109211982525
25	0.25	6.346788980384689	0.243307347669096	1.38011831471874	3.64422203618170	13.9404841459614	79.0749546620919	6.81	-1.15411097869044	-0.833722433776018	0.0	2.46419797390654	36.6741280987752
26	0.26	6.414888980384689	0.231901205338704	1.37362023293929	7.54606462102259	13.2869603299044	78.7026420011983	6.81	-1.12599766549480	-0.465535811868581	0.0	3.13603110828848	36.8892696876444
27	0.27	6.48298898038469	0.220807536922511	1.37080747205039	11.4479072058635	12.6513399503390	78.5414826734849	6.81	-1.09184167267151	-0.0973784534486944	0.0	3.67268667833294	36.6725973255264
28	0.28	6.55108898038469	0.210080031738016	1.37165865290769	15.3497497907044	12.0366991785627	78.5902517442103	6.81	-1.05298580211955	0.266589727474096	0.0	4.07696361036562	36.0584748938613
29	0.29	6.61918898038469	0.199759186643462	1.37611276888199	19.2515923755454	11.4453583136365	78.8454537909998	6.81	-1.01071668216959	0.622626604367309	0.0	4.35709202469691	35.0953257419699
30	0.3	6.6872889803846896	0.189873117577109	1.38407398694219	23.1534349603863	10.8789282801596	79.3015979856322	6.81	-0.966217088645623	0.967524271812077	0.0	4.52536798145008	33.8407205554078
31	0.31	6.755388980384689	0.180438776693978	1.39541736254922	27.0552775452271	10.3383803650685	79.9515255333470	6.81	-0.920532705152490	1.29867518275299	0.0	4.59666726184544	32.3563483956578
32	0.32	6.82348898038469	0.171463428140994	1.40999497073610	30.9571201300681	9.82413077332364	80.7867609578507	6.81	-0.874553505156784	1.61409010583329	0.0	4.58703613926802	30.7034985233696
33	0.33	6.8915889803846895	0.162946242729750	1.42764200503698	34.8589627149090	9.33613199592898	81.7978615442134	6.81	-0.829008224563021	1.91237529019165	0.0	4.51250049059277	28.9394695709170
34	0.34	6.95968898038469	0.154879893033083	1.44818248667434	38.7608052997499	8.87396420223332	82.9747444512000	6.81	-0.784469315109916	2.19267920501027	0.0	4.38816744096593	27.1150869209728
35	0.35000000000000003	7.02778898038469	0.147252059177319	1.47143433553504	42.6626478845908	8.43692151547102	84.3069772567943	6.81	-0.741365340113709	2.45461997282342	0.0	4.22763331363570	25.2733068415278
36	0.36	7.095888980384689	0.140046785867906	1.49721366199378	46.5644904694317	8.02408976460341	85.7840238615703	6.81	-0.699997870656638	2.69820365382469	0.0	4.04266801497758	23.4487483955812
37	0.37	7.163988980384689	0.133245658628668	1.52533823086220	50.4663330542726	7.63441387786358	87.3954429583556	6.81	-0.660560375995843	2.92374155549163	0.0	3.84312171026941	21.6679265000780
38	0.38	7.23208898038469	0.126828789402972	1.55563011877934	54.3681756391136	7.26675435354381	89.1310402894911	6.81	-0.623157193303620	3.13177238408937	0.0	3.63699205553897	19.9499491812586
39	0.39	7.300188980384689	0.120775617756126	1.58791763301283	58.2700182239544	6.91993316551130	90.9809785860389	6.81	-0.587821266652601	3.32299279786603	0.0	3.43059422586042	18.3074691469558
40	0.4	7.36828898038469	0.115065544285146	1.62203658545401	62.1718608087953	6.59277005491455	92.9358505623257	6.81	-0.554529874756533	3.49819804056323	0.0	3.22878623369768	16.7477249360079
41	0.41000000000000003	7.43638898038469	0.109678418475056	1.65783102495659	66.0737033936363	6.28411048229040	94.9867208758603	6.81	-0.523217980702920	3.65823293116712	0.0	3.03521437757972	15.2735555154343
42	0.42	7.504488980384689	0.104594905352343	1.69515352887529	69.9755459784771	5.99284663525953	97.1251428312621	6.81	-0.493789128532900	3.80395254739627	0.0	2.85255540829206	13.8843154087188
43	0.43	7.5725889803846895	0.0997967550396699	1.73386514499524	73.8773885633180	5.71793287287402	99.3431550530658	6.81	-0.466123994791491	3.93619138877343	0.0	2.68274178939035	12.5766512371240
44	0.44	7.64068898038469	0.0952669976872426	1.77383506138167	77.7792311481590	5.45839689436158	101.633262569499	6.81	-0.440086800285917	4.05573954045170	0.0	2.52716386150675	11.3451242238908
45	0.45	7.708788980384689	0.0909900839900980	1.81494006639627	81.6810737329998	5.21334779017350	103.988405873700	6.81	-0.415529821306157	4.16332428444507	0.0	2.38684796491365	10.1826778425332
46	0.46	7.7768889803846895	0.0869519891253375	1.85706384570215	85.5829163178408	4.98198199714927	106.401920645067	6.81	-0.392296230299945	4.25959563892406	0.0	2.26261306876838	9.08095718075255
47	0.47000000000000003	7.84498898038469	0.0831402958125524	1.90009614826652	89.4847589026817	4.76358805752844	108.867489964735	6.81	-0.370221458418087	4.34511438559329	0.0	2.15521070919202	8.03048855055652
48	0.48	7.913088980384689	0.0795442705438785	1.94393183937761	93.3866014875225	4.55755098661103	111.379090057440	6.81	-0.349133216394478	4.42034122328295	0.0	2.06545453516242	7.02072587613166
49	0.49	7.981188980384689	0.0761549460004000	1.98846984532904	97.2884440723635	4.36335699486961	113.930929826385	6.81	-0.328850241321436	4.48562572861457	0.0	1.99434691838914	6.03996543968857
50	0.5	8.04928898038469	0.0729652223876150	2.03361198119851	101.190286657204	4.18059929404381	116.517383689912	6.81	-0.309179756623957	4.54119378545390	0.0	1.94321124993151	5.07512319291780
51	0.51	8.117388980384689	0.0699700010035017	2.07926163932445	105.092129242045	4.00898575002678	119.132916436744	6.81	-0.289913539321583	4.58713204049839	0.0	1.91384001656540	4.11135915839665
52	0.52	8.18548898038469	0.0671663649474878	2.12532230069097	108.993971826886	3.84834923672648	121.771997934627	6.81	-0.270822378165951	4.62336772880211	0.0	1.90867077527885	3.13152123700553
53	0.53	8.25358898038469	0.0645538246915687	2.17169581324674	112.895814411727	3.69866170625429	124.429004485269	6.81	-0.251648571844667	4.64964186322738	0.0	1.93100492554886	2.11536562963641
54	0.54	8.321688980384689	0.0621346505449040	2.21828035869270	116.797656996568	3.56005323774324	127.098102329858	6.81	-0.232095949993728	4.66547326536740	0.0	1.98528780769617	1.03849287357585
55	0.55	8.38978898038469	0.0599143202118697	2.26496800066228	120.699499581409	3.43283768053550	129.773107170133	6.81	-0.211816693376226	4.67011020371585	0.0	2.07747294318666	-0.129082102043781
56	0.56	8.45788898038469	0.0579021180925878	2.31164167045159	124.601342166250	3.31754699157337	132.447311463447	6.81	-0.190393980221432	4.66246548702686	0.0	2.21549729980210	-1.42482720972866
57	0.5700000000000001	8.525988980384689	0.0561119340910960	2.35817139964131	128.503184751091	3.21497700373604	135.113268567905	6.81	-0.167319206074933	4.64102978540606	0.0	2.40989582552848	-2.89616844064362
58	0.58	8.59408898038469	0.0545633235668370	2.40440955133180	132.405027335932	3.12624815658646	137.762519512256	6.81	-0.141962267616290	4.60375692125160	0.0	2.67457611935019	-4.60362977239424
59	0.59	8.66218898038469	0.0532829058443494	2.45018473611342	136.306869920773	3.05288562507417	140.385244406674	6.81	-0.113533312929243	4.54791444849271	0.0	3.02774450695364	-6.62461473876038
60	0.6	8.730288980384689	0.0523061931879937	2.49529403719549	140.208712505613	2.99692411206797	142.969816975462	6.81	-0.0810347888822225	4.46989436343681	0.0	3.49289463737918	-9.05750120789298
61	0.61	8.79838898038469	0.0516799468937556	2.53949314360650	144.110555090454	2.96104284247243	145.502239231062	6.81	-0.0432043144548786	4.36498519046279	0.0	4.09958350997015	-12.0250030392028
62	0.62	8.86648898038469	0.0514651326980399	2.58248407608235	148.012397675295	2.94873489567842	147.965438219261	6.81	0.00154661280144275	4.22712384575614	0.0	4.88332951963812	-15.6742376674314
63	0.63	8.934588980384689	0.0517404538344454	2.62390054333171	151.914240260136	2.96450963480520	150.338426994991	6.81	0.0551830876663391	4.04868425748187	0.0	5.88323142120641	-20.1680703242031
64	0.64	9.00268898038469	0.0526062022263514	2.66329187761181	155.816082844977	3.01411336378165	152.595384198629	6.81	0.120051889041598	3.82043575873332	0.0	7.13472376236250	-25.6576696121356
65	0.65	9.07078898038469	0.0541876701404726	2.70010842405460	159.717925429818	3.10472480069615	154.704816926048	6.81	0.198773829847528	3.53193237580243	0.0	8.65353554014450	-32.2208764181685
66	0.66	9.138888980384689	0.0566364836360636	2.73369468334717	163.619768014659	3.24503147880819	156.629167833145	6.81	0.293914493181018	3.17275734221078	0.0	10.4069649671268	-39.7510009142593
67	0.67	9.20698898038469	0.0601269940476567	2.76330129812596	167.521610599500	3.44502299373895	158.325501905639	6.81	0.407306235443048	2.73512192544297	0.0	12.2741075507962	-47.8019227852558
68	0.68	9.275088980384691	0.0648438961083407	2.78813081132302	171.423453184341	3.71528157419271	159.748128219195	6.81	0.538982419089663	2.21798082361655	0.0	14.0130741390714	-55.4590280446389
69	0.6900000000000001	9.343188980384689	0.0709581478182689	2.80742873164803	175.325295769181	4.06560239205224	160.853817607198	6.81	0.685983929427984	1.63166830340852	0.0	15.2765299176176	-61.3964106605202
70	0.7000000000000001	9.41128898038469	0.0785931104828399	2.82061276370013	179.227138354022	4.50305352947211	161.609207000748	6.81	0.841745691125907	1.00031736653019	0.0	15.7154569930261	-64.2760909468304
71	0.71	9.479388980384691	0.0877910752602818	2.82740108440744	183.128980938863	5.03005809132952	161.998149127259	6.81	0.996891970360006	0.358842707719675	0.0	15.1437761812228	-63.3843219180859
72	0.72	9.547488980384689	0.0984955931506013	2.82788008660705	187.030823523704	5.64338178816711	162.025593931674	6.81	1.14150454228709	-0.255774054084068	0.0	13.6449191243595	-59.0441188068983
73	0.73	9.61558898038469	0.110559380813642	2.82247377148261	190.932666108545	6.33458590620131	161.715834892326	6.81	1.26770463815414	-0.814413645428623	0.0	11.5222499022343	-52.4232572251190
74	0.74	9.683688980384689	0.123773271636816	2.81183233124329	194.834508693386	7.09168608131584	161.106125278672	6.81	1.37109583457478	-1.30133944808740	0.0	9.14052949008359	-44.9209398452145
75	0.75	9.751788980384688	0.137901521258382	2.79669674472502	198.736351278227	7.90117515653886	160.238920050720	6.81	1.45063020450305	-1.71362477368686	0.0	6.78891210543360	-37.6392781283099
76	0.76	9.81988898038469	0.152710338455200	2.77779003034834	202.638193863068	8.74965788149730	159.155645112477	6.81	1.50753873763931	-2.05698230980409	0.0	4.63316784466899	-31.2011965808176
77	0.77	9.88798898038469	0.167984647214499	2.75575421612107	206.540036447909	9.62481130838484	157.893085959120	6.81	1.54416003083024	-2.34122759302661	0.0	2.73529483122052	-25.8288498155030
78	0.78	9.956088980384688	0.183534635237279	2.73112676341325	210.441879032750	10.5157599935691	156.482036858804	6.81	1.56310302256731	-2.57705494896515	0.0	1.09401808658966	-21.5017186978041
79	0.79	10.02418898038469	0.199195911387191	2.70434151425307	214.343721617591	11.4130850187480	154.947355128719	6.81	1.56679452066748	-2.77431036851494	0.0	-0.321264011540063	-18.0882327327470
80	0.8	10.09228898038469	0.214826616935096	2.67574118876810	218.245564202432	12.3086584774546	153.308677185730	6.81	1.55730019770674	-2.94132142255011	0.0	-1.54973043210569	-15.4256423041667
81	0.81	10.16038898038469	0.230303591023828	2.64559334347485	222.147406787273	13.1954237723723	151.581332889013	6.81	1.53629687806312	-3.08480676367933	0.0	-2.62890871053589	-13.3589030470933
82	0.8200000000000001	10.22848898038469	0.245518649531396	2.61410575954925	226.049249372113	14.0671824099006	149.777227223012	6.81	1.50511250463441	-3.21004022154029	0.0	-3.59072398385108	-11.7552277107570
83	0.8300000000000001	10.29658898038469	0.260375398634624	2.58143970368114	229.951091956954	14.9184114308003	147.905600088431	6.81	1.46478792731821	-3.32109222953635	0.0	-4.46068191049309	-10.5065712659562
84	0.84	10.36468898038469	0.274786679724733	2.54772075500201	233.852934541795	15.7441170146403	145.973646639499	6.81	1.41613921578008	-3.42106692941057	0.0	-5.25836807866894	-9.52710502488307
85	0.85	10.43278898038469	0.288672603123367	2.51304742216693	237.754777126636	16.5397218200239	143.987011006396	6.81	1.35981243859565	-3.51230457372960	0.0	-5.99835658874178	-8.74918141644510
86	0.86	10.500888980384689	0.301959082956729	2.47749794182406	241.656619711477	17.3009810390613	141.950175818866	6.81	1.29632910390535	-3.59654289346124	0.0	-6.69112958065728	-8.11931237181276
87	0.87	10.568988980384688	0.314576782389311	2.44113565630247	245.558462296318	18.0239219637128	139.866770325030	6.81	1.22612301811320	-3.67504083263271	0.0	-7.34386223991041	-7.59470793404326
88	0.88	10.63708898038469	0.326460390956149	2.40401331582113	249.460304881159	18.7048025799782	137.739816889801	6.81	1.14957012493658	-3.74867103357823	0.0	-7.96104158113847	-7.14048707160400
89	0.89	10.70518898038469	0.337548171987974	2.36617658466295	253.362147466000	19.3400856372670	135.571931883867	6.81	1.06701293948776	-3.81798758512190	0.0	-8.54493273093180	-6.72750359954375
90	0.9	10.77328898038469	0.347781733261800	2.32766696962315	257.263990050841	19.9264255076457	133.365493471413	6.81	0.978780966567953	-3.88327466800173	0.0	-9.09592085132639	-6.33068124183314
91	0.91	10.84138898038469	0.357105986434633	2.28852433810950	261.165832635682	20.4606658615605	131.122785886644	6.81	0.885208196506165	-3.94458065159420	0.0	-9.61275850713235	-5.92775253304317
92	0.92	10.90948898038469	0.365469270297691	2.24878915273297	265.067675220522	20.9398467297836	128.846127466400	6.81	0.786648485786086	-4.00174122604396	0.0	-10.0927455542715	-5.49831425360626
93	0.93	10.97758898038469	0.372823619666425	2.20850451739136	268.969517805363	21.3612199096768	126.537987882102	6.81	0.683489376728021	-4.05439438920119	0.0	-10.5318650876897	-5.02313379029234
94	0.9400000000000001	11.04568898038469	0.379125166140775	2.16771810458616	272.871360390204	21.7222719270626	124.201098566885	6.81	0.576164690799552	-4.10198955516798	0.0	-10.9248959877496	-4.48366108214239
95	0.9500000000000001	11.11378898038469	0.384334659327723	2.12648401301023	276.773202975045	22.0207539000769	121.838559147529	6.81	0.465166036000067	-4.14379268721347	0.0	-11.2655205043937	-3.86171816819807
96	0.96	11.18188898038469	0.388418097624872	2.08486458656392	280.675045559886	22.2547176804056	119.453941666400	6.81	0.351053191313084	-4.17888915212840	0.0	-11.5464440511170	-3.13935270242910
97	0.97	11.249988980384689	0.391347456448416	2.04293220946386	284.576888144727	22.4225575776740	117.051393433615	6.81	0.234463163306284	-4.20618591698167	0.0	-11.7595436876499	-2.29885341471061
98	0.98	11.31808898038469	0.393101498923829	2.00077107583873	288.478730729568	22.5230568086019	114.635738417408	6.81	0.116117547578343	-4.22441473643108	0.0	-11.8960612894988	-1.32293455068392
99	0.99	11.386188980384688	0.393666649594628	1.95847891525505	292.380573314409	22.5554375568277	112.212576109474	6.81	-0.00317232906508136	-4.23213808326949	0.0	-11.9468566891975	-0.195102681578629
100	1.0	11.454288980384689	0.393037905719455	1.91616863735276	296.282415899250	22.5194131863855	109.788375755647	6.81	-0.122503156164430	-4.22775972737346	0.0	-11.9027345957332	1.09977762516463
101	1.01	11.52238898038469	0.391219753373509	1.87396983889390	300.184258484091	22.4152407304510	107.370562703431	6.81	-0.240881072512978	-4.20954203124868	0.0	-11.7548562308900	2.57470399160612
102	1.02	11.59048898038469	0.388227047139685	1.83203009517095	304.086101068931	22.2437712939304	104.967592394246	6.81	-0.357227666689379	-4.17563215356307	0.0	-11.4952416643613	4.23953403980576
103	1.03	11.658588980384689	0.384085803169292	1.79051593560681	307.987943653772	22.0064954924929	102.589006261188	6.81	-0.470391451110215	-4.12409936764904	0.0	-11.1173610655104	6.09976740381446
104	1.04	11.72668898038469	0.378833846593663	1.74961338200207	311.889786238613	21.7055805465234	100.245462568329	6.81	-0.579165644801381	-4.05298552228714	0.0	-10.6168019067563	8.15514307558701
105	1.05	11.79478898038469	0.372521246797000	1.70952790971713	315.791628823454	21.3438952204194	97.9487341866133	6.81	-0.682312899050096	-3.96037019156675	0.0	-9.99198426221009	10.3981189848931
106	1.06	11.862888980384689	0.365210469403846	1.67048368069175	319.693471408295	20.9250185308321	95.7116646491169	6.81	-0.778597232720996	-3.84445116565407	0.0	-9.24487810280767	12.8123476280191
107	1.07	11.93098898038469	0.356976173804277	1.63272189727180	323.595313993136	20.4532281457136	93.5480738322663	6.81	-0.866822882822096	-3.70363952532580	0.0	-8.38165631686108	15.3713166140732
108	1.08	11.99908898038469	0.347904591629170	1.59649814277345	327.497156577977	19.9334647735739	91.4726055813931	6.81	-0.945879014755913	-3.53666657215211	0.0	-7.41319799458597	18.0373786241860
109	1.09	12.067188980384689	0.338092436677136	1.56207861402178	331.398999162818	19.3712697068940	89.5005118510929	6.81	-1.01478830722186	-3.34269740925758	0.0	-6.35534296149950	20.7614381143203
110	1.1	12.13528898038469	0.327645321687176	1.52973521687623	335.300841747659	18.7726941098814	87.6473716995375	6.81	-1.07275641520169	-3.12144320347510	0.0	-5.22879680125246	23.4835731591557
111	1.11	12.203388980384691	0.316675692165322	1.49973958892490	339.202684332500	18.1441806354570	85.9287488140817	6.81	-1.11921837244234	-2.87326153434230	0.0	-4.05860230353131	26.1348284794514
112	1.12	12.271488980384689	0.305300330497133	1.47235622970452	343.104526917341	17.4924204214349	84.3597979018636	6.81	-1.15387733410525	-2.59923237830999	0.0	-2.87313337047611	28.6403022834444
113	1.1300000000000001	12.33958898038469	0.293637530797299	1.44783504660897	347.006369502181	16.8241912213280	82.9548376018206	6.81	-1.17673092160633	-2.30119693272195	0.0	-1.70263123784163	30.9234614527351
114	1.1400000000000001	12.407688980384691	0.281804090039776	1.42640374544381	350.908212087022	16.1461850088038	81.7269144955832	6.81	-1.18808102356758	-1.98174832111551	0.0	-0.577383226989943	32.9113773753277
115	1.1500000000000001	12.47578898038469	0.269912296073314	1.40826058456033	354.810054671863	15.4648354036864	80.6873879499333	6.81	-1.18852432249075	-1.64416755690995	0.0	0.474274639396671	34.5403277085618
116	1.16	12.54388898038469	0.258067110231803	1.39356804655525	358.711897256704	14.7861562474197	79.8455675319063	6.81	-1.17892295719370	-1.29230468160773	0.0	1.42788986638649	35.7610282968542
117	1.17	12.611988980384687	0.246363735583618	1.38244794414838	2.61373984154500	14.1156022740183	79.2084325962393	6.81	-1.16035727320910	-0.930412711698960	0.0	2.26450196765850	36.5427148955604
118	1.18	12.680088980384689	0.234885729804371	1.37497836293859	6.51558242638600	13.4579609856407	78.7804571181885	6.81	-1.13406505811628	-0.562949321757640	0.0	2.97170621419379	36.8754265571539
119	1.19	12.748188980384688	0.223703767930999	1.37119266639259	10.4174250112268	12.8172817636202	78.5635526835853	6.81	-1.10137346201128	-0.194366311893042	0.0	3.54404017268271	36.7701373747690
120	1.2	12.816288980384689	0.212875093533179	1.37108057651766	14.3192675960678	12.1968444229038	78.5571304068257	6.81	-1.06363054930915	0.171091453855726	0.0	3.98267879848280	36.2567690099057
121	1.21	12.884388980384688	0.202443628677750	1.37459113488232	18.2211101809087	11.5991655125487	78.7582705848550	6.81	-1.02214297266826	0.529558188402173	0.0	4.29454038037712	35.3804873544259
122	1.22	12.95248898038469	0.192440654861772	1.38163717922820	22.1229527657496	11.0260373303133	79.1619791881362	6.81	-0.978124776299768	0.877676397453593	0.0	4.49099050116315	34.1969437315360
123	1.23	13.020588980384689	0.182885937188120	1.39210086609980	26.0247953505905	10.4785923331740	79.7615042840251	6.81	-0.932660242424404	1.21267635744150	0.0	4.58636677049584	32.7672088174607
124	1.24	13.088688980384688	0.173789146010029	1.40583973851763	29.9266379354314	9.95738459155747	80.5486836888354	6.81	-0.886681500729963	1.53240625665613	0.0	4.59653285777931	31.1530694428807
125	1.25	13.15678898038469	0.165151432772377	1.42269287237221	33.8284805202724	9.46248007839577	81.5142971302719	6.81	-0.840959765234242	1.83531920575248	0.0	4.53761998348736	29.4131658388018
126	1.26	13.224888980384689	0.156967034962926	1.44248671726861	37.7303231051133	8.99354862605812	82.6484009031721	6.81	-0.796107808083925	2.12042692722799	0.0	4.42504774008405	27.6002111417116
127	1.27	13.29298898038469	0.149224812485342	1.46504035396642	41.6321656899541	8.54995195404124	83.9406290986280	6.81	-0.752590687206383	2.38723123725830	0.0	4.27285260944922	25.7593196162887
128	1.28	13.36108898038469	0.141909648128772	1.49017000012657	45.5340082747952	8.13082390996519	85.3804517642618	6.81	-0.710741719441828	2.63564385936314	0.0	4.09330394025697	23.9273139546411
129	1.29	13.429188980384689	0.135003673311387	1.51769269327655	49.4358508596359	7.73514069950542	86.9573859225891	6.81	-0.670781055760122	2.86590332838871	0.0	3.89675785521650	22.1327965972889
130	1.3	13.49728898038469	0.128487303974183	1.54742915611894	53.3376934444769	7.36178023873515	88.6611597411055	6.81	-0.632834781304777	3.07849543010640	0.0	3.69168800686213	20.3967463607317
131	1.31	13.56538898038469	0.122340089200618	1.57920590200750	57.2395360293178	7.00957077644945	90.4818331671799	6.81	-0.596953075068212	3.27408130356328	0.0	3.48483355896792	18.7334208591312
132	1.32	13.633488980384689	0.116541386937701	1.61285666935136	61.1413786141586	6.67732961013135	92.4098801133600	6.81	-0.563126519170154	3.45343533679876	0.0	3.28141383050832	17.1513872269252
133	1.33	13.70158898038469	0.111070887962608	1.64822328694873	65.0432211989996	6.36389310702786	94.4362380373422	6.81	-0.531300093785053	3.61739345508721	0.0	3.08537115595924	15.6545524337728
134	1.34	13.76968898038469	0.105909012161970	1.68515607258956	68.9450637838405	6.06813940928060	96.5523307802235	6.81	-0.501384716877829	3.76681134561719	0.0	2.89961560172831	14.2431096847935
135	1.35	13.83778898038469	0.101037201463280	1.72351385917962	72.8469063686815	5.78900521765895	98.7500700632971	6.81	-0.473266397812643	3.90253151807653	0.0	2.72625555575066	12.9143538599063
136	1.36	13.90588898038469	0.0964381324122732	1.76316372976064	76.7487489535223	5.52549797134704	101.021840305829	6.81	-0.446813191464477	4.02535776998401	0.0	2.56680626303696	11.6633452340888
137	1.37	13.97398898038469	0.0920958692328038	1.80398052776954	80.6505915383632	5.27670461762839	103.360470564977	6.81	-0.421880188040839	4.13603550953590	0.0	2.42237416695589	10.4834175771316
138	1.3800000000000001	14.04208898038469	0.0879959758186266	1.84584619339249	84.5524341232042	5.04179802854255	105.759196511678	6.81	-0.398312774324632	4.23523640097426	0.0	2.29381882339978	9.36653585035008
139	1.3900000000000001	14.11018898038469	0.0841256028847053	1.88864896185563	88.4542767080450	4.82004199428720	108.211614496092	6.81	-0.375948370784969	4.32354587000743	0.0	2.18189668707808	8.30351195055679
140	1.4000000000000001	14.17828898038469	0.0804735647064520	1.93228244528980	92.3561192928859	4.61079562005264	110.711628942324	6.81	-0.354616797204346	4.40145208899988	0.0	2.08739272241204	7.28408588018997
141	1.41	14.24638898038469	0.0770304186677108	1.97664460631321	96.2579618777269	4.41351788378558	113.253393539045	6.81	-0.334139353687729	4.46933511652528	0.0	2.01124700185734	6.29687548044047
142	1.42	14.314488980384688	0.0737885603463555	2.02163661827639	100.159804462568	4.22777308419255	115.831245936337	6.81	-0.314326626694828	4.52745486539377	0.0	1.95468458803780	5.32919110449377
143	1.43	14.38258898038469	0.0707423472060082	2.06716159353183	104.061647047409	4.05323792775336	118.439634880912	6.81	-0.294974940260638	4.57593649365095	0.0	1.91935836003473	4.36670254464753
144	1.44	14.450688980384689	0.0678882652721876	2.11312314622062	107.963489632250	3.88971107856091	121.073037869848	6.81	-0.275861267191622	4.61475163081261	0.0	1.90751630087328	3.39293401947964
145	1.45	14.518788980384688	0.0652251556386338	2.15942373875538	111.865332217090	3.73712613617764	123.725866411044	6.81	-0.256736287687434	4.64369354062299	0.0	1.92220732970824	2.38854872047349
146	1.46	14.586888980384689	0.0627545215324461	2.20596273998934	115.767174801931	3.59556922917201	126.392354764504	6.81	-0.237315125681855	4.66234385220844	0.0	1.96754316920750	1.33036701588772
147	1.47	14.654988980384688	0.0604809423050831	2.25263409625892	119.669017386772	3.46530273505550	129.066426502903	6.81	-0.217265097977561	4.67002783355526	0.0	2.04903789848580	0.190042274128389
148	1.48	14.72308898038469	0.0584126285212014	2.29932348207499	123.570859971613	3.34679708453034	131.741531258221	6.81	-0.196189572936305	4.66575431665046	0.0	2.17405111938755	-1.06770224828125
149	1.49	14.791188980384689	0.0565621627010542	2.34590475322407	127.472702556454	3.24077320290269	134.410441499418	6.81	-0.173606760976537	4.64813533893450	0.0	2.35236313131239	-2.48738563303902
150	1.5	14.859288980384688	0.0549474834424937	2.39223547021094	131.374545141295	3.14825889611986	137.064996044581	6.81	-0.148921987182218	4.61527948876604	0.0	2.59690635002485	-4.12572911028628
151	1.51	14.92738898038469	0.0535931861017839	2.43815119583870	135.276387726136	3.07066337429140	139.695773336332	6.81	-0.121391840913663	4.56465227070419	0.0	2.92465544462403	-6.05528250053723
152	1.52	14.995488980384689	0.0525322285771176	2.48345820597902	139.178230310977	3.00987498588537	142.291673799729	6.81	-0.0900788374876353	4.49289761646889	0.0	3.35761587578024	-8.36849821851395
153	1.53	15.06358898038469	0.0518081393622279	2.52792421250881	143.080072895818	2.96838772988125	144.839388305687	6.81	-0.0537964817280401	4.39561935965139	0.0	3.92369985450109	-11.1814542811258
154	1.54	15.13168898038469	0.0514778111317561	2.57126674274299	146.981915480659	2.94946131642119	147.322732361524	6.81	-0.0110481603351521	4.26713500244909	0.0	4.65695466524496	-14.6351720390317
155	1.55	15.199788980384689	0.0516148931744635	2.61313908039721	150.883758065500	2.95731553891536	149.721840587457	6.81	0.0400285287661826	4.10024565969055	0.0	5.59597841530189	-18.8900214329281
156	1.56	15.26788898038469	0.0523136058302484	2.65311439917987	154.785600650340	2.99734882518421	152.012257638394	6.81	0.101683807755013	3.88613046512998	0.0	6.77829190144787	-24.1045347469930
157	1.57	15.33598898038469	0.0536923837993380	2.69067032611100	158.687443235181	3.07634698369866	154.164053747249	6.81	0.176486726424117	3.61458752941724	0.0	8.22705346186646	-30.3845057455407
158	1.58	15.404088980384689	0.0558959831643347	2.72517916893021	162.589285820022	3.20260392705068	156.141264796670	6.81	0.267067037784660	3.27500328143178	0.0	9.92590545769242	-37.6857800841708
159	1.59	15.47218898038469	0.0590935268756534	2.75591357066000	166.491128404863	3.38580968651784	157.902216301647	6.81	0.375539732917069	2.85855229493816	0.0	11.7812651518418	-45.6676313286006
160	1.6	15.54028898038469	0.0634688166700020	2.78208187436057	170.392970989704	3.63649532588068	159.401549660706	6.81	0.502533020610451	2.36194449300145	0.0	13.5845764184373	-53.5447926577347
161	1.61	15.60838898038469	0.0691994376404035	2.80290682812950	174.294813574545	3.96483572147385	160.594731620221	6.81	0.645977850103335	1.79211940255980	0.0	15.0102116863973	-60.0764938309899
162	1.62	15.67648898038469	0.0764248518893617	2.81774714446029	178.196656159386	4.37882146317284	161.445019112614	6.81	0.800252828977087	1.16959370599628	0.0	15.6945532188223	-63.8698642450804
163	1.6300000000000001	15.74458898038469	0.0852113925860587	2.82623155010032	182.098498744227	4.88225316161352	161.931139747465	6.81	0.956552733002092	0.527093282028852	0.0	15.3931900714489	-63.9870872879773
164	1.6400000000000001	15.81268898038469	0.0955290113902607	2.82834796741397	186.000341329068	5.47340917371911	162.052401527226	6.81	1.10483523017550	-0.0979174233993287	0.0	14.1163149981841	-60.4693902887824
165	1.6500000000000001	15.88078898038469	0.107252242050472	2.82443960755599	189.902183913909	6.14510081280760	161.828469002545	6.81	1.23647710089686	-0.673452348379378	0.0	12.1224164083315	-54.3125850879285
166	1.6600000000000001	15.94888898038469	0.120184804231984	2.81511020840749	193.804026498749	6.88608204409871	161.293933805943	6.81	1.34611614760242	-1.18006812814890	0.0	9.77632014947141	-46.9176632881711
167	1.67	16.01698898038469	0.134094763750205	2.80108904252877	197.705869083590	7.68306401769061	160.490580177239	6.81	1.43190239340133	-1.61177762230311	0.0	7.39558161086392	-39.4975855254970
168	1.68	16.08508898038469	0.148745693918811	2.78311189801340	201.607711668431	8.52250048229262	159.460565668812	6.81	1.49458630658436	-1.97248286052427	0.0	5.17853039612643	-32.8014480327043
169	1.69	16.15318898038469	0.163916585282847	2.76184584860782	205.509554253272	9.39172852890334	158.242110790956	6.81	1.53631219487653	-2.27129498943987	0.0	3.21079305040985	-27.1424436428599
170	1.7	16.22128898038469	0.179410745119508	2.73785661665100	209.411396838113	10.2794784946451	156.867629046069	6.81	1.55967588398544	-2.51889960178542	0.0	1.50399419313391	-22.5493322364272
171	1.71	16.289388980384686	0.195057271934098	2.71160448547360	213.313239422954	11.1759584451594	155.363492726380	6.81	1.56717847435898	-2.72546572615039	0.0	0.0327325775020930	-18.9100458472571
172	1.72	16.357488980384687	0.210708715738890	2.68345473327265	217.215082007795	12.0727201184602	153.750630730927	6.81	1.56098806502329	-2.89974731984478	0.0	-1.24125108622024	-16.0649242905463
173	1.73	16.42558898038469	0.226237355023494	2.65369320651436	221.116924592636	12.9624456110490	152.045420855811	6.81	1.54288198998546	-3.04887827411370	0.0	-2.35649374496256	-13.8547425421113
174	1.74	16.49368898038469	0.241531385279744	2.62254208528524	225.018767177477	13.8387289964776	150.260593082282	6.81	1.51427469446145	-3.17849167651335	0.0	-3.34656615653143	-12.1402618315172
175	1.75	16.56178898038469	0.256491572892410	2.59017377055457	228.920609762318	14.6958846074072	148.406025258264	6.81	1.47627659911927	-3.29295173631728	0.0	-4.23865300992232	-10.8070270421186
176	1.76	16.62988898038469	0.271028533992650	2.55672234517147	232.822452347158	15.5287911253968	146.489399765116	6.81	1.42975744229675	-3.39559646847770	0.0	-5.05382186837930	-9.76371077935560
177	1.77	16.69798898038469	0.285060620387320	2.52229273937718	236.724294931999	16.3327704535744	144.516728662804	6.81	1.37540339363955	-3.48895052467998	0.0	-5.80787751699567	-8.93827012934849
178	1.78	16.766088980384687	0.298512331192441	2.48696796958323	240.626137516840	17.1034967099383	142.492768441339	6.81	1.31376494990381	-3.57489730216978	0.0	-6.51229985639316	-8.27384095146159
179	1.79	16.83418898038469	0.311313157935713	2.45081485511650	244.527980101681	17.8369300566060	140.421347566142	6.81	1.24529592239637	-3.65481204681287	0.0	-7.17507054252111	-7.72510620206861
180	1.8	16.90228898038469	0.323396780874936	2.41388857461366	248.429822686522	18.5292706522510	138.305627540213	6.81	1.17038496770650	-3.72966193614343	0.0	-7.80133543547936	-7.25533079441931
181	1.81	16.97038898038469	0.334700550222883	2.37623635887675	252.331665271363	19.1769289284776	136.148314489172	6.81	1.08938130273547	-3.80007976956586	0.0	-8.39390868828771	-6.83403462681443
182	1.82	17.03848898038469	0.345165201646286	2.33790055374286	256.233507856204	19.7765092891142	133.951834650764	6.81	1.00261606502500	-3.86641717262709	0.0	-8.95364456414230	-6.43520391503346
183	1.83	17.10658898038469	0.354734768604860	2.29892123274368	260.135350441045	20.3248050876083	131.718484069225	6.81	0.910420490785030	-3.92878215141918	0.0	-9.47970700123666	-6.03593279288902
184	1.84	17.174688980384687	0.363356664340296	2.25933849616990	264.037193025886	20.8188033246507	129.450560321969	6.81	0.813141790566945	-3.98706481907136	0.0	-9.96976489384950	-5.61540241149710
185	1.85	17.242788980384688	0.370981913783571	2.21919455922466	267.939035610727	21.2556979354848	127.150482161968	6.81	0.711157340212957	-4.04095429452658	0.0	-10.4201375415456	-5.15412621847703
186	1.86	17.31088898038469	0.377565520658935	2.17853570515693	271.840878195568	21.6329108234165	124.820901424049	6.81	0.604887576821058	-4.08994916682844	0.0	-10.8259115143937	-4.63341098333843
187	1.87	17.37898898038469	0.383066957940920	2.13741415753999	275.742720780409	21.9481199609302	122.464810298552	6.81	0.494807789471374	-4.13336350719278	0.0	-11.1810478397956	-4.03500130186367
188	1.8800000000000001	17.44708898038469	0.387450770800620	2.09588990738637	279.644563365249	22.1992939359661	120.085646017304	6.81	0.381458813401384	-4.17033016653896	0.0	-11.4784969490908	-3.34089043299472
189	1.8900000000000001	17.51518898038469	0.390687280408182	2.05403251405466	283.546405950090	22.3847322768330	117.687394037978	6.81	0.265456466419711	-4.19980298846009	0.0	-11.7103380089439	-2.53329263155000
190	1.9000000000000001	17.58328898038469	0.392753374523945	2.01192288267319	287.448248534931	22.5031107497430	115.274689882968	6.81	0.147499402682793	-4.22055956999832	0.0	-11.8679587655228	-1.59478186792508
191	1.9100000000000001	17.651388980384688	0.393633366764165	1.96965500410735	291.350091119772	22.5535305911119	112.852918832174	6.81	0.0283749004108553	-4.23120628933363	0.0	-11.9422914256092	-0.508608931901446
192	1.92	17.71948898038469	0.393319900833520	1.92733762562485	295.251933704613	22.5355703162648	110.428311645069	6.81	-0.0910380497741530	-4.23018746253403	0.0	-11.9241188794112	0.740787040531952
193	1.93	17.78758898038469	0.391814869002419	1.88509580096991	299.153776289454	22.4493383443099	108.008033373409	6.81	-0.209769121364210	-4.21580065603661	0.0	-11.8044631345712	2.16705651862218
194	1.94	17.855688980384688	0.389130305921812	1.84307224754881	303.055618874295	22.2955242099544	105.600261122238	6.81	-0.326761357715830	-4.18622032105075	0.0	-11.5750634963132	3.78099624201727
195	1.95	17.92378898038469	0.385289209951291	1.80142841640435	306.957461459136	22.0754456221389	103.214245354905	6.81	-0.440881114466590	-4.13953196777653	0.0	-11.2289450728765	5.58938639660113
196	1.96	17.991888980384687	0.380326235228835	1.76034515888902	310.859304043977	21.7910881167120	100.860348090627	6.81	-0.550934103628215	-4.07377897885321	0.0	-10.7610679516268	7.59363190116072
197	1.97	18.059988980384688	0.374288189759464	1.72002285462982	314.761146628818	21.4451335948090	98.5500502363329	6.81	-0.655688241370168	-3.98702377138103	0.0	-10.1690334778754	9.78826413321383
198	1.98	18.12808898038469	0.367234269235603	1.68068085179063	318.662989213659	21.0409737197710	96.2959195160554	6.81	-0.753903681271717	-3.87742424213468	0.0	-9.45380662450418	12.1594035363977
199	1.99	18.19618898038469	0.359235954859533	1.64255606717304	322.564831798499	20.5827040628034	94.1115302626221	6.81	-0.844369906550527	-3.74332516496593	0.0	-8.62039356276008	14.6833369768094
200	2.0	18.26428898038469	0.350376508085188	1.60590060564823	326.466674383340	20.0750951538126	92.0113270211465	6.81	-0.925949045219113	-3.58336238670584	0.0	-7.67839371506348	17.3254202393605
201	2.0100000000000002	18.33238898038469	0.340750007880750	1.57097829133212	330.368516968181	19.5235373206165	90.0104258000039	6.81	-0.997623681230259	-3.39657531096107	0.0	-6.64232997982646	20.0395639081136
202	2.02	18.40048898038469	0.330459898345131	1.53806006144324	334.270359553022	18.9339574734982	88.1243501583299	6.81	-1.05854643283273	-3.18252043847942	0.0	-5.53165530060075	22.7685824129534
203	2.0300000000000002	18.468588980384688	0.319617046785988	1.50741825988992	338.172202137863	18.3127078412725	86.3687042526473	6.81	-1.10808759055601	-2.94137601715202	0.0	-4.37034497843749	25.4456598139436
204	2.04	18.53668898038469	0.308337353513162	1.47931997853139	342.074044722704	17.6664290225375	84.7587913192322	6.81	-1.14587634914918	-2.67402572448862	0.0	-3.18601776510615	27.9970923721515
205	2.05	18.60478898038469	0.296739001238888	1.45401972032107	345.975887307545	17.0018923879156	83.3091933031894	6.81	-1.17183086831747	-2.38210848948390	0.0	-2.00858668202236	30.3462987252874
206	2.06	18.672888980384688	0.284939478354540	1.43175178335325	349.877729892386	16.3258295263744	82.0333344964704	6.81	-1.18617278073159	-2.06802277143057	0.0	-0.868517693679262	32.4188569229678
207	2.07	18.74098898038469	0.273052548868691	1.41272286539150	353.779572477227	15.6447586354656	80.9430578085613	6.81	-1.18942296457772	-1.73487728867388	0.0	0.205142754850565	34.1480755485606
208	2.08	18.809088980384686	0.261185364329956	1.39710544011808	357.681415062067	14.9648190466932	80.0482452535331	6.81	-1.18237736928611	-1.38638621730069	0.0	1.18674252347687	35.4804003067868
209	2.09	18.877188980384688	0.249435913031054	1.38503243914833	1.58325764690835	14.2916250756717	79.3565132519091	6.81	-1.16606416216041	-1.02671442424469	0.0	2.05574177907243	36.3798711443799
210	2.1	18.94528898038469	0.237890976301312	1.37659367960916	5.48510023174936	13.6301489263119	78.8730079459889	6.81	-1.14168598813249	-0.660285878691642	0.0	2.79793786038193	36.8309293628127
211	2.11	19.01338898038469	0.226624713025808	1.37183431424414	9.38694281659036	12.9846395897422	78.6003163974127	6.81	-1.11055315626840	-0.291574235693736	0.0	3.40603713265794	36.8391308953406
212	2.12	19.081488980384687	0.215697929184780	1.37075537476210	13.2887854014311	12.3585809919996	78.5384977187418	6.81	-1.07401461876559	0.0751027744202178	0.0	3.87952717132138	36.4296931793207
213	2.13	19.149588980384692	0.205158020255122	1.37331626576393	17.1906279862721	11.7546886938779	78.6852259649397	6.81	-1.03339346584662	0.435764753574113	0.0	4.22392279398748	35.6441885563541
214	2.14	19.217688980384686	0.195039512506632	1.37943888372193	21.0924705711129	11.1749409049190	79.0360261335042	6.81	-0.989932415035661	0.786910158906771	0.0	4.44955505302542	34.5359919235351
215	2.15	19.285788980384687	0.185365083935090	1.38901291203717	24.9943131559537	10.6206369785689	79.5845775489059	6.81	-0.944752792028450	1.12560915746777	0.0	4.57012166474740	33.1652249141505
216	2.16	19.35388898038469	0.176146921697119	1.40190179252074	28.8961557407947	10.0924751874663	80.3230560032629	6.81	-0.898828284921806	1.44954639645223	0.0	4.60121542019531	31.5939012135366
217	2.17	19.42198898038469	0.167388270345664	1.41794889231980	32.7979983256357	9.59064143080139	81.2424870951743	6.81	-0.852972774933864	1.75701855644470	0.0	4.55900444423256	29.8818086152470
218	2.18	19.49008898038469	0.159085039807243	1.43698345702650	36.6998409104767	9.11490136462573	82.3330873177370	6.81	-0.807840119411981	2.04689577630495	0.0	4.45917408481761	28.0834321572520
219	2.19	19.558188980384692	0.151227367651315	1.45882604291584	40.6016834953177	8.66468991329360	83.5845753028486	6.81	-0.763932999444707	2.31855792517242	0.0	4.31617447777902	26.2459969929781
220	2.2	19.626288980384686	0.143801060323179	1.48329323177537	44.5035260801583	8.23919384602434	84.9864419610487	6.81	-0.721617784501523	2.57181655915252	0.0	4.14276456372314	24.4085357394055
221	2.21	19.69438898038469	0.136788867370307	1.51020153337410	48.4053686649995	7.83742478469337	86.5281740765212	6.81	-0.681142647360906	2.80683186909039	0.0	3.94980889564449	22.6017811776944
222	2.22	19.76248898038469	0.130171567840844	1.53937046284166	52.3072112498401	7.45828144988124	88.1994306279271	6.81	-0.642656692605940	3.02403169425805	0.0	3.74626771960818	20.8486468219405
223	2.23	19.83058898038469	0.123928867350602	1.57062483910639	56.2090538346811	7.10060105902612	89.9901744792099	6.81	-0.606228474132788	3.22403731986093	0.0	3.53931936710450	19.1650677778789
224	2.24	19.89868898038469	0.118040117611034	1.60379638689264	60.1108964195221	6.76320055234012	91.8907641672789	6.81	-0.571862854287406	3.40759867412400	0.0	3.33456154421808	17.5610120844787
225	2.25	19.966788980384692	0.112484878199053	1.63872474223255	64.0127390043631	6.44490877984888	93.8920115135886	6.81	-0.539515634783678	3.57553988097234	0.0	3.13624977493874	16.0415209719799
226	2.2600000000000002	20.03488898038469	0.107243344168396	1.67525796473207	67.9145815892039	6.14459100171803	95.9852109748238	6.81	-0.509105744912867	3.72871494744336	0.0	2.94754356603995	14.6076833091369
227	2.27	20.10298898038469	0.102296663965756	1.71325265357639	71.8164241740449	5.86116710350583	98.1621462895161	6.81	-0.480525010599250	3.86797262081266	0.0	2.77074178532961	13.2574885443272
228	2.2800000000000002	20.17108898038469	0.0976271711086369	1.75257375234997	75.7182667588856	5.59362487032642	100.415079295059	6.81	-0.453645667527039	3.99412904683227	0.0	2.60749742939397	11.9865314116564
229	2.29	20.23918898038469	0.0932185510736515	1.79309411308279	79.6201093437267	5.34102954884494	102.736724949397	6.81	-0.428325846172071	4.10794669681485	0.0	2.45900831427932	10.7885608776940
230	2.3000000000000003	20.30728898038469	0.0890559624723835	1.83469387444871	83.5219519285674	5.10253079014302	105.120215704416	6.81	-0.404413267980311	4.21011801702539	0.0	2.32618457915349	9.65587678332943
231	2.31	20.37538898038469	0.0851261292967193	1.87725969384952	87.4237945134084	4.87736793498697	107.559057507599	6.81	-0.381747367764098	4.30125231602464	0.0	2.20979673833934	8.57958225306682
232	2.32	20.44348898038469	0.0814174190855455	1.92068385869354	91.3256370982494	4.66487449244963	110.047078882041	6.81	-0.360160010194823	4.38186448931295	0.0	2.11060985718840	7.54969987950194
233	2.33	20.511588980384687	0.0779199204876648	1.96486328852608	95.2274796830900	4.46448258393815	112.578373752740	6.81	-0.339474905782485	4.45236424571855	0.0	2.02951071624415	6.55515620323543
234	2.34	20.579688980384688	0.0746255330038372	2.00969842644734	99.1293222679310	4.27572808503411	115.147237929515	6.81	-0.319505757481812	4.51304451651878	0.0	1.96763595000393	5.58363287609277
235	2.35	20.64778898038469	0.0715280817988254	2.05509200485093	103.031164852772	4.09825720373922	117.748098389037	6.81	-0.300053083070330	4.56406767179985	0.0	1.92651042255010	4.62127444158856
236	2.36	20.71588898038469	0.0686234715121099	2.10094765608827	106.933007437613	3.93183529318014	120.375433671760	6.81	-0.280899557763713	4.60544801582253	0.0	1.90820680566575	3.65223183357049
237	2.37	20.783988980384684	0.0659098951357990	2.14716832212292	110.834850022454	3.77635881943111	123.023682761830	6.81	-0.261803600701105	4.63702875893693	0.0	1.91553968646836	2.65800716463586
238	2.38	20.852088980384693	0.0633881175076981	2.19365439723018	114.736692607295	3.63187160447042	125.687138671604	6.81	-0.242490780476595	4.65845123904453	0.0	1.95231071246224	1.61654879909319
239	2.39	20.920188980384687	0.0610618581046818	2.24030151266181	118.638535192136	3.49858675862497	128.359821512296	6.81	-0.222642430445454	4.66911356006254	0.0	2.02362527347434	0.501026179540355
240	2.4	20.988288980384688	0.0589383050120738	2.28699783999628	122.540377776977	3.37691612884657	131.035323987322	6.81	-0.201880637652499	4.66811500496713	0.0	2.13630558140443	-0.721806969962456
241	2.41	21.05638898038469	0.0570288016131335	2.33362074858745	126.442220361817	3.26750964312141	133.706619878221	6.81	-0.179748502338984	4.65418157647889	0.0	2.29942826329615	-2.09376906160851
242	2.42	21.12448898038469	0.0553497599835332	2.38003260056841	130.344062946658	3.17130764411855	136.365823116116	6.81	-0.155684285472963	4.62556692369431	0.0	2.52501290664836	-3.66803248080070
243	2.43	21.19258898038469	0.0539238699491618	2.42607540475687	134.245905531499	3.08961016309930	139.003881473062	6.81	-0.128987857454275	4.57992206442797	0.0	2.82887249810158	-5.51258135761802
244	2.44	21.260688980384693	0.0527816885666886	2.47156398467688	138.147748116340	3.02416799044517	141.610185118522	6.81	-0.0987779548355555	4.51412756918857	0.0	3.23158808734031	-7.71421260431372
245	2.45	21.328788980384687	0.0519637062268026	2.51627726534764	142.049590701181	2.97730105465347	144.172067389140	6.81	-0.0639396491237154	4.42408519158731	0.0	3.75944899311848	-10.3824833867982
246	2.46	21.396888980384688	0.0515229799636093	2.55994729724445	145.951433286022	2.95204929985192	146.674175908029	6.81	-0.0230641899692077	4.30447642446596	0.0	4.44493263539421	-13.6519744006180
247	2.47	21.46498898038469	0.0515283741250229	2.60224582132846	149.853275870863	2.95235836253493	149.097702817675	6.81	0.0256099687042233	4.14852104393252	0.0	5.32576374690127	-17.6791600263855
248	2.48	21.53308898038469	0.0520682986501636	2.64276874900656	153.755118455704	2.98329375908109	151.419495547144	6.81	0.0842322126670344	3.94782271995677	0.0	6.44064804759815	-22.6264854422737
249	2.49	21.60118898038469	0.0532544911880272	2.68102025519383	157.656961040545	3.05125758519059	153.611145411693	6.81	0.155302566478245	3.69248835602507	0.0	7.81842959776397	-28.6209614205704
250	2.5	21.669288980384692	0.0552247221868999	2.71640076873558	161.558803625386	3.16414350609184	155.638299514641	6.81	0.241475382579614	3.37185875748922	0.0	9.45640687790987	-35.6705207308212
251	2.5100000000000002	21.737388980384686	0.0581422318269616	2.74820731605714	165.460646210227	3.33130449515611	157.460680437049	6.81	0.345079821399663	2.97633568401907	0.0	11.2854880640118	-43.5287433042020
252	2.52	21.805488980384688	0.0621884739154694	2.77565951868663	169.362488795067	3.56313708971581	159.033575786057	6.81	0.467251239399760	2.50072432403214	0.0	13.1300109611970	-51.5378049626684
253	2.5300000000000002	21.87358898038469	0.0675453925830231	2.79796600622254	173.264331379908	3.87006592056148	160.311643377626	6.81	0.606745674719990	1.94882364906089	0.0	14.6915334896155	-58.5630795510596
254	2.54	21.94168898038469	0.0743660212483813	2.81443618823981	177.166173964749	4.26085915671245	161.255315295028	6.81	0.758908495702201	1.33744886333118	0.0	15.6034011278115	-63.2014725940139
255	2.5500000000000003	22.00978898038469	0.0827390363069564	2.82461585942168	181.068016549590	4.74059758136829	161.838567490580	6.81	0.915645921709796	0.696596051494663	0.0	15.5731063562231	-64.3307175445132
256	2.56	22.077888980384692	0.0926608608916143	2.82839418518946	184.969859134431	5.30907625513832	162.055049610699	6.81	1.06698631400970	0.0634629500989270	0.0	14.5371221087229	-61.7083887775229
257	2.57	22.145988980384686	0.104029642533599	2.82602666512406	188.871701719272	5.96045946142985	161.919400703040	6.81	1.20369501740624	-0.527607868356576	0.0	12.6983446638642	-56.1168505589032
258	2.58	22.214088980384687	0.116664525257614	2.81806083627103	192.773544304113	6.68438491615870	161.462992329437	6.81	1.31945852038685	-1.05351807010750	0.0	10.4103991198353	-48.9153722046905
259	2.59	22.28218898038469	0.130339597119832	2.80520581556774	196.675386888954	7.46790881840185	160.726453897585	6.81	1.41155590942853	-1.50495073966110	0.0	8.01429783882327	-41.4088217574793
260	2.6	22.35028898038469	0.144817179754113	2.78820493403856	200.577229473795	8.29741320089807	159.752375137961	6.81	1.48016992459536	-1.88365906282105	0.0	5.74167847305291	-34.4755600828624
261	2.61	22.41838898038469	0.159870929186775	2.76774812008362	204.479072058636	9.15992950923704	158.580286036059	6.81	1.52718433577646	-2.19779432850382	0.0	3.70468145787710	-28.5311038525245
262	2.62	22.486488980384685	0.175297354881753	2.74442915047429	208.380914643476	10.0437985945315	157.244207494851	6.81	1.55514436422795	-2.45788996127691	0.0	1.93046002002059	-23.6636991512873
263	2.63	22.554588980384686	0.190918868785093	2.71873552776599	212.282757228317	10.9388454107978	155.772071353263	6.81	1.56660951601762	-2.67437822243135	0.0	0.400485662768598	-19.7872296505647
264	2.64	22.622688980384687	0.206582163288268	2.69105619996122	216.184599813158	11.8362860791002	154.186162690291	6.81	1.56384680083070	-2.85642715353675	0.0	-0.921729015689426	-16.7483752017124
265	2.65	22.69078898038469	0.222154687635067	2.66169641331642	220.086442397999	12.7285260005365	152.503970828140	6.81	1.54873629172141	-3.01159530579408	0.0	-2.07538381940160	-14.3850188434402
266	2.66	22.75888898038469	0.237520782827339	2.63089371784498	223.988284982840	13.6089384026499	150.739106379999	6.81	1.52278317626900	-3.14589171691661	0.0	-3.09560730494249	-12.5517613380506
267	2.67	22.82698898038469	0.252578185831447	2.59883244719542	227.890127567681	14.4716640452129	148.902130885953	6.81	1.48717191630503	-3.26399149694405	0.0	-4.01128759599638	-11.1276001748472
268	2.68	22.895088980384685	0.267235140536857	2.56565582510121	231.791970152522	15.3114456903473	147.001250461454	6.81	1.44282991569910	-3.36948142621882	0.0	-4.84503632996837	-10.0154315814706
269	2.69	22.963188980384693	0.281408129959767	2.53147570605316	235.693812737363	16.1234981673636	145.042873896746	6.81	1.39048678279439	-3.46508254534820	0.0	-5.61395533664094	-9.13852738036725
270	2.7	23.031288980384687	0.295020158100139	2.49638028300017	239.595655322204	16.9034099304203	143.032054275584	6.81	1.33072471386394	-3.55283316706674	0.0	-6.33058016670400	-8.43639322255039
271	2.71	23.09938898038469	0.307999489150500	2.46044016847094	243.497497907045	17.6470708205090	140.972837397842	6.81	1.26401971527078	-3.63423178315913	0.0	-7.00374509567795	-7.86097841026390
272	2.72	23.16748898038469	0.320278758178918	2.42371322583946	247.399340491886	18.3506211113431	138.868538590639	6.81	1.19077494212753	-3.71034521409359	0.0	-7.63928983771262	-7.37353207625156
273	2.73	23.23558898038469	0.331794382636638	2.38624846509643	251.301183076727	19.0104177912281	136.721965919596	6.81	1.11134779666332	-3.78188865474854	0.0	-8.24060334040033	-6.94211604170534
274	2.74	23.303688980384692	0.342486220110829	2.34808925262060	255.203025661567	19.6230149537391	134.535604095188	6.81	1.02607231233626	-3.84928377436492	0.0	-8.80902761813840	-6.53968477136320
275	2.75	23.371788980384693	0.352297431687570	2.30927602787611	259.104868246409	20.1851559689962	132.311770128036	6.81	0.935278075244361	-3.91269999409584	0.0	-9.34415147140809	-6.14262317566043
276	2.7600000000000002	23.439888980384687	0.361174521312561	2.26984867407440	263.006710831249	20.6937757388675	130.052749157829	6.81	0.839306637731848	-3.97208301593686	0.0	-9.84402286363849	-5.72964440554282
277	2.77	23.507988980384688	0.369067529700348	2.22984865366356	266.908553416090	21.1460118071491	127.760916807851	6.81	0.738526107638053	-4.02717379920258	0.0	-10.3053053487308	-5.28097054849660
278	2.7800000000000002	23.57608898038469	0.375930366966168	2.18932099103884	270.810396000931	21.5392234179657	125.438852785924	6.81	0.633344360049993	-4.07752051791836	0.0	-10.7234005688804	-4.77774049956263
279	2.79	23.64418898038469	0.381721271569065	2.14831616199224	274.712238585772	21.8710178112746	123.089449141899	6.81	0.524221111918235	-4.12248557251258	0.0	-11.0925562567650	-4.20160824157506
280	2.8000000000000003	23.71228898038469	0.386403384618461	2.10689193024586	278.614081170613	22.1392831282081	120.716015493259	6.81	0.411678914679694	-4.16124944362065	0.0	-11.4059774926010	-3.53451068040967
281	2.81	23.780388980384693	0.389945428278688	2.06511515434944	282.515923755454	22.3422272807902	118.322382552731	6.81	0.296312947800816	-4.19281303466806	0.0	-11.6559580096750	-2.75859720448179
282	2.82	23.848488980384687	0.392322475005524	2.02306357196399	286.417766340295	22.4784220259433	115.913004360197	6.81	0.178799331122704	-4.21600012570828	0.0	-11.8340477992232	-1.85632353730744
283	2.83	23.916588980384688	0.393516790723052	1.98082755205806	290.319608925135	22.5468512759637	113.493058676157	6.81	0.0599015138520435	-4.22946162801358	0.0	-11.9312727356640	-0.810720275175775
284	2.84	23.98468898038469	0.393518729855206	1.93851178803425	294.221451509977	22.5469623800521	111.068543990721	6.81	-0.0595258547761112	-4.23168346010967	0.0	-11.9384209409249	0.394148578102197
285	2.85	24.05278898038469	0.392327653469324	1.89623688579217	298.123294094817	22.4787187300633	108.646370512922	6.81	-0.178536306210104	-4.22100002874381	0.0	-11.8464085558828	1.77252053862701
286	2.86	24.12088898038469	0.389952833879319	1.85414078011144	302.025136679659	22.3426515904511	106.234441323479	6.81	-0.296095027301208	-4.19561544976122	0.0	-11.6467338238351	3.33605023741754
287	2.87	24.188988980384686	0.386414300276238	1.81237989089103	305.926979264499	22.1399085493293	103.841718622437	6.81	-0.411087332068682	-4.15363472593181	0.0	-11.3320221964737	5.09270334630285
288	2.88	24.257088980384687	0.381743570929108	1.77112990877346	309.828821849340	21.8722954704909	101.478268742110	6.81	-0.522333016933682	-4.09310703437240	0.0	-10.8966558586218	7.04544567090088
289	2.89	24.325188980384688	0.375984209164796	1.73058607944616	313.730664434181	21.5423083487068	99.1552784363570	6.81	-0.628607358291765	-4.01208296859976	0.0	-10.3374681408236	9.19077397488786
290	2.9	24.39328898038469	0.369192133985225	1.69096284042940	317.632507019022	21.1531511067818	96.8850340700583	6.81	-0.728669235989941	-3.90868691817591	0.0	-9.65446671742882	11.5171762774525
291	2.91	24.46138898038469	0.361435613464355	1.65249265753709	321.534349603863	20.7087352172293	94.6808549532326	6.81	-0.821296409920411	-3.78120464175460	0.0	-8.85153007583340	14.0036607368067
292	2.92	24.52948898038469	0.352794871909894	1.61542391553175	325.436192188704	20.2136571942954	92.5569724844672	6.81	-0.905327320275488	-3.62818441620184	0.0	-7.93700156623888	16.6185488352706
293	2.93	24.597588980384685	0.343361252162440	1.58001774436174	329.338034773544	19.6731505972350	90.5283483077080	6.81	-0.979707934528228	-3.44854791917651	0.0	-6.92408812433071	19.3187802108836
294	2.94	24.665688980384687	0.333235894013714	1.54654371379672	333.239877358385	19.0930103092546	88.6104276330404	6.81	-1.04354118139498	-3.24170435086595	0.0	-5.83096194351321	22.0500069650050
295	2.95	24.733788980384688	0.322527919381939	1.51527440813815	337.141719943226	18.4794885557208	86.8188283904997	6.81	-1.09613551035716	-3.00765853551024	0.0	-4.68046954241942	24.7477437921761
296	2.96	24.80188898038469	0.311352153916611	1.48647899765074	341.043562528067	17.8391643617294	85.1689729002247	6.81	-1.13704827676369	-2.74710139170948	0.0	-3.49938000015106	27.3397659984037
297	2.97	24.86998898038469	0.299826460356614	1.46041604690168	344.945405112908	17.1787907647804	83.6756758206462	6.81	-1.16611920831956	-2.46146992360114	0.0	-2.31715578600774	29.7497980046655
298	2.98	24.93808898038469	0.288068806092705	1.43732592741234	348.847247697749	16.5051267984845	82.3527094254538	6.81	-1.18348939381513	-2.15296450144616	0.0	-1.16430266465678	31.9023169701789
299	2.99	25.006188980384685	0.276194228776529	1.41742331141065	352.749090282590	15.8247636347658	81.2123735272876	6.81	-1.18960221416473	-1.82451420864381	0.0	-0.0704383227623337	33.7280438825291
300	3.0	25.074288980384686	0.264311891319319	1.40089029030865	356.650932867431	15.1439558477175	80.2651011955421	6.81	-1.18518441953650	-1.47968648861465	0.0	0.937706602518461	35.1694691061971
